65.52747 69.24893 64.39326 66.65593 48.88552 45.60695 44.28342 40.55475 36.74657 38.76160 37.24169 36.23394 35.84165 35.45099 32.38391 31.24146 32.54474 37.19735 43.81529 45.99654 48.11776 48.06636 48.27271 46.48896 44.57168 44.41682 40.95853 42.10261 41.80659 39.37926 39.43504 39.55586 39.93468 36.08503 33.71004 39.40700 33.41194 32.79122 31.49529 32.33640 27.67355 28.84616 31.62266 30.68402 31.88917 29.93323 27.68323 27.44916 27.38818 30.64713 32.81638 30.81830 29.63933 31.18730 27.27105 29.94982 32.08895 35.28888 33.46777 31.46700 32.18013 38.91868 36.80316 34.34921 39.50962 
62.65912 67.21355 63.10582 65.57759 46.63144 42.96032 42.15117 39.90757 35.60889 37.56666 39.13084 36.87419 36.15620 35.72339 31.21026 27.91794 26.46946 30.84205 34.49379 37.41501 40.49183 41.19093 42.48083 41.27010 40.14754 39.38549 36.32570 37.55112 38.04444 35.20141 34.23499 34.44972 35.23938 32.73286 31.14789 33.54063 29.80820 30.22162 27.31508 28.95580 25.45929 27.18307 29.72005 29.25796 29.55394 28.40667 26.05115 26.16198 25.98019 28.43694 31.10452 26.61093 26.68397 27.09766 23.10971 26.37426 27.85686 28.17426 28.06656 26.78604 30.25329 34.02837 31.62490 29.71982 32.36478 
61.35405 65.19214 60.60844 63.06437 44.98786 41.68050 40.46861 37.10202 32.34478 34.03782 34.44157 32.20447 32.17268 30.28208 27.88686 24.63697 24.89193 31.19705 36.89042 40.29921 42.44085 43.99211 45.39979 43.81039 42.59676 41.83569 38.41378 40.41053 40.84634 37.60854 37.13869 37.24069 39.01399 35.89863 34.03563 38.00837 33.15151 32.26270 29.91966 32.12386 27.74034 28.64664 31.76305 30.96702 31.89525 29.57522 27.28771 26.38976 26.23276 29.92266 32.25794 27.73063 28.93134 29.77230 25.49031 27.63657 29.00330 29.26411 30.59887 27.84715 30.27235 34.88766 31.60236 29.36531 33.24795 
67.21811 72.30531 67.59082 72.08283 54.01434 49.51527 48.37601 46.04778 43.18758 44.22290 44.82777 41.95319 42.67812 40.63214 37.19573 33.94219 32.48237 34.23424 37.43675 40.47786 43.13408 44.53909 45.35472 44.10345 42.20406 40.71985 38.17272 39.65265 36.59562 34.12764 34.41038 33.43037 34.56858 32.63210 31.11121 36.05459 30.03226 28.65540 27.95428 28.91767 26.68165 26.54784 27.61399 28.28647 27.75397 27.38190 26.87652 26.72255 25.40146 27.45189 30.36170 26.54701 26.82209 26.49358 24.88182 25.48829 27.42020 26.70929 28.22819 27.50127 30.78642 31.34875 30.08554 29.30179 33.24287 
64.20432 69.62553 66.83330 67.81030 53.16618 51.13145 50.75304 49.41213 45.93630 47.98911 49.59698 46.80489 47.10563 45.92210 41.46389 37.05571 33.90303 32.72605 33.89989 36.25990 38.75453 39.66260 40.27963 39.18088 37.63658 36.20161 34.29366 35.69094 33.19910 30.60384 31.15378 31.31953 31.25608 29.18282 27.64165 31.89548 28.24958 27.56279 26.98742 28.06908 25.93756 26.25779 29.15753 29.28999 28.10264 29.21665 27.67215 29.53653 29.90817 30.38508 33.39818 28.61091 27.31165 28.08551 26.29720 28.04537 28.39920 32.22268 27.59779 26.53558 30.92413 35.37149 34.28998 32.30829 36.39060 
73.91189 80.29690 79.35274 81.67768 62.58005 59.23179 59.18380 59.05748 55.50667 56.97410 59.22233 56.05527 56.14567 55.54450 52.36319 48.45987 47.01748 44.74263 45.05889 47.25103 49.73608 51.02620 51.18571 49.78184 48.03300 45.36423 43.80116 44.60127 41.41296 38.78392 38.28112 36.65253 36.60415 35.91359 33.54333 35.96583 31.65135 32.52866 32.93294 32.71231 32.05925 30.83222 33.41134 31.92110 29.48421 31.91152 32.14086 33.49539 32.81968 31.89334 32.16976 31.66722 31.41202 31.24137 29.65390 32.43941 31.68993 33.81499 35.65159 36.50814 39.60977 39.31916 39.30812 38.52671 42.45419 
75.26410 81.55490 79.04778 82.06982 62.36821 59.07773 59.50353 57.82894 54.64963 56.78189 58.06069 55.28104 55.61324 54.04744 50.97356 47.40009 46.02312 44.53561 44.25792 46.28574 47.64646 48.32208 47.74535 46.25304 45.12389 43.19169 41.77085 41.97072 39.51543 37.48522 37.11352 37.10723 36.75661 36.85582 34.90272 36.58003 33.74116 33.46237 32.14301 33.91450 31.47922 32.15635 35.60714 34.92274 32.93652 34.89069 33.82422 34.63890 34.92287 34.53231 36.78115 33.62153 32.05243 32.83184 31.53960 35.03955 33.72717 34.60178 36.59956 36.94246 39.94213 40.46605 41.02103 40.46121 41.88518 
77.46754 83.33389 80.89751 85.45206 63.99984 59.48902 59.03764 56.96323 54.11425 56.04165 57.29856 54.30951 54.62448 53.41545 50.15404 47.88204 47.57148 47.45575 48.92915 50.51504 52.14233 52.92789 52.17693 50.49860 48.90176 46.78646 45.38644 45.15253 42.72132 41.23328 41.26392 40.87562 39.84163 39.11338 38.22558 41.05936 36.92422 35.10582 33.75812 34.90982 33.92594 33.18175 35.42664 34.77833 34.00229 34.74405 34.29446 34.38540 34.92883 34.13660 36.10046 33.05300 32.21025 32.97108 33.11894 35.58874 34.47702 33.25106 36.67104 37.40329 40.01332 38.61441 39.20932 39.63977 40.60745 
78.20576 83.65572 80.80817 86.44373 66.40942 62.76711 61.98051 59.05773 56.14170 57.69246 57.89346 55.19663 54.89720 53.45416 49.49303 46.10014 45.83163 45.33730 47.94939 49.24667 49.80755 49.83510 48.91719 46.95098 45.66599 44.29775 42.73021 42.52343 40.72650 39.38441 39.69192 40.41440 39.58558 38.88570 37.30997 40.44720 36.71313 35.52803 34.03566 35.05330 32.50556 33.23634 36.20564 35.51477 35.64805 36.60649 36.07504 35.91865 35.61174 35.25484 38.15778 35.33195 33.37624 34.79147 34.14658 37.47375 35.55502 35.13194 38.17188 39.35392 41.96762 41.56713 42.67924 42.99881 44.04299 
64.05563 69.57806 69.30965 75.60830 60.94059 59.33174 59.04980 58.62605 54.77391 57.74233 59.45036 56.50356 55.67181 55.25795 48.43922 43.58910 40.47647 38.01031 38.82464 39.50851 40.24394 39.59698 38.42206 36.09032 34.09435 31.11208 29.01303 28.85029 25.36728 24.03089 23.69974 24.68652 24.45086 24.88532 23.76875 26.74331 25.00678 24.21744 23.82685 26.70180 25.50474 25.78781 27.84473 29.21309 28.47219 30.18394 30.03509 30.96518 31.61615 30.75272 33.28581 30.79857 28.42849 28.00647 29.16647 32.42775 30.57813 29.84588 28.12738 30.46970 35.67245 35.53841 35.37558 35.20663 38.11822 
55.77972 61.29623 60.89768 67.24491 57.12257 56.70280 56.92491 57.25057 54.19413 57.99577 59.61334 57.11574 56.59260 56.16948 48.52479 44.21084 39.51118 36.08312 35.16790 35.50967 36.75565 34.84961 32.65582 30.90531 28.44381 25.59534 23.52034 23.26880 16.79072 17.30810 17.31215 19.04927 18.88823 21.11881 21.15649 24.06727 24.56526 23.34737 23.81122 27.68068 26.88910 28.20761 28.46590 31.88502 29.97849 32.03963 31.23339 33.35559 34.59926 33.88385 36.71478 33.73944 30.33887 29.05189 31.60155 34.04482 33.44048 33.24181 26.02437 27.97470 33.78543 35.74417 35.11471 33.95055 37.07180 
52.24518 57.54683 58.59894 63.44380 55.13300 55.82261 56.47573 57.70395 54.28912 57.92904 61.19831 58.93767 57.33649 57.95598 49.93381 44.87817 39.72597 34.65705 34.50332 33.33070 35.10514 33.77897 32.74495 31.02384 29.48312 27.04464 25.49530 24.99118 20.56509 20.10534 19.27956 20.98457 19.03835 17.78089 18.17014 20.66483 19.77306 21.50409 22.37884 22.80922 23.80989 25.00139 26.20283 27.89144 26.54231 29.24321 29.47190 32.07576 32.94034 30.90546 33.88097 31.10551 28.29211 27.66335 29.17596 31.53004 30.83266 33.56047 24.49073 27.90217 34.26452 36.90682 36.60475 34.75513 39.33523 
50.15380 55.95861 56.83312 60.97154 53.37237 54.77795 56.24297 58.01012 54.91679 59.35033 63.29506 61.51926 59.70792 60.41416 51.99919 47.28339 41.19624 36.10434 32.78315 31.34445 33.86469 31.54804 29.90549 28.96835 28.49012 26.64026 25.59941 23.96876 20.35194 20.90015 18.14808 20.81852 18.17892 19.38382 21.01063 18.41501 22.02220 25.11108 24.19016 25.67979 26.12992 29.08990 29.86468 32.39266 29.85238 33.08338 32.56028 35.33026 36.68961 34.60816 37.83136 34.20650 30.94544 29.72951 31.48368 34.79179 34.36375 36.07442 25.97468 29.56021 36.62916 39.56990 39.43106 37.16575 39.87700 
49.37384 55.38647 56.94223 60.79541 53.37884 54.72281 56.25513 58.82309 55.28885 60.08982 63.46759 61.81192 60.28006 61.54708 52.97331 48.92276 43.32469 38.88503 36.14006 35.14705 37.73932 34.94563 32.70284 31.40891 29.64300 26.99035 25.05103 23.59238 18.75307 19.49765 16.39867 17.61833 15.17560 17.54107 18.57806 17.02963 20.49800 23.40261 24.07899 26.54596 26.58118 28.54778 28.53022 31.94891 28.99863 32.16999 31.58085 34.56983 36.23698 34.64088 36.75118 35.04489 31.44261 29.49945 31.76719 34.95255 35.00867 37.11714 26.19015 29.14386 35.64053 39.32305 38.58227 36.23473 40.27992 
46.74725 52.62282 55.23050 58.94167 51.32457 52.80755 54.57937 58.01362 54.20668 59.33140 62.78274 61.25109 59.72402 62.03088 53.08550 49.93652 45.08652 41.37531 39.90084 38.56886 41.25526 37.94188 35.21591 33.49018 30.76061 27.80412 25.52082 23.85430 19.39673 20.61089 17.96248 17.97806 14.18613 16.33460 17.49187 17.31381 20.29341 22.55535 24.62890 26.51066 27.52049 28.31374 27.30545 30.98273 28.46056 31.29840 30.62865 33.95219 35.77756 34.22623 35.41372 35.53984 31.80742 29.26657 32.15846 35.16164 35.84718 38.25234 26.41925 28.89112 34.38237 38.56370 37.59802 35.40744 40.24820 
42.81774 48.90985 52.73259 56.13074 48.85666 50.24823 51.97049 56.17872 52.82462 57.39396 62.46788 60.59641 58.91629 61.68420 52.68705 49.42675 44.10252 39.35194 37.31936 35.04071 38.70763 36.12691 34.48774 33.47670 31.40530 28.69708 27.85156 26.47345 23.36963 24.42285 22.52927 22.51034 17.68219 18.19117 20.57167 19.15129 21.94860 24.36065 26.17987 25.45561 29.35281 29.67439 28.21775 30.67102 28.31528 31.49027 31.09161 35.18651 36.49522 33.72559 35.09817 34.33670 31.44133 28.93051 31.99512 33.96093 34.72056 37.27164 25.04486 28.04523 33.78186 36.71666 36.16381 34.13549 38.01623 
41.90237 47.81156 52.63391 55.59755 45.62745 46.81054 49.28260 53.53841 48.92946 54.03626 58.68973 56.80261 55.33562 58.09484 49.98939 46.81985 42.68927 39.66103 39.33751 38.57468 41.45417 39.54938 37.74346 35.55541 32.82941 29.16074 26.44092 25.57117 22.81357 21.97702 19.01575 17.61273 14.99300 15.42123 15.61380 14.90751 16.87466 19.33635 21.76707 23.22140 25.63182 24.93971 24.61161 26.45034 24.16282 26.29811 25.78794 29.17123 31.32106 29.59514 28.88031 30.31939 28.42045 25.21399 27.31618 31.06024 32.01924 33.79320 23.70858 25.77222 31.19780 35.07406 33.03950 30.40058 36.54226 
38.58850 45.12815 48.47515 51.23426 41.16741 42.63756 44.68516 47.97002 43.68163 47.99345 52.23761 50.14450 49.37954 51.06722 44.21916 40.37985 36.62120 32.24553 31.91997 31.00010 33.02834 31.65125 30.14273 28.30157 25.87276 22.60530 20.52364 21.84992 19.41560 17.89478 16.35927 16.19631 14.44772 14.91946 13.10813 14.68342 15.46388 16.71017 19.57534 20.55174 21.29890 21.75834 23.49204 24.21607 21.46078 24.10564 22.17395 27.03066 28.10312 26.93220 27.76883 26.89002 24.42002 22.31765 23.46694 26.61320 26.30874 29.95479 20.37535 20.43834 25.23002 30.66787 29.37256 26.30696 31.70895 
36.34876 42.45111 45.26749 49.52035 37.39104 38.02011 39.91162 44.14531 40.08109 44.76136 48.99414 47.25706 46.00962 49.34349 41.37577 39.54489 36.90588 34.05798 36.01633 34.16213 36.95348 34.68130 32.78128 31.23760 28.21395 25.32337 22.93544 23.32369 21.77428 22.19884 21.00047 19.89185 15.98008 14.37270 14.61003 18.22795 16.27003 16.29821 19.77718 18.93079 21.65740 21.18648 20.32538 21.62408 20.10363 21.77636 19.83894 25.01794 26.04723 24.55349 24.84265 25.71990 22.56804 20.33475 23.41423 25.28981 25.94863 29.35264 18.47244 18.61540 21.90381 27.39605 25.99409 23.28994 28.74973 
37.59607 42.94548 44.41390 50.34387 35.67710 35.41824 37.88827 41.80163 37.99869 43.30586 46.66980 45.23880 44.09041 47.79765 39.58722 39.48703 38.12531 37.27423 40.68571 38.99936 41.40080 38.43576 35.50421 33.51615 29.88458 27.18837 24.14463 23.75711 22.22634 23.58737 22.72633 21.60756 17.81423 16.40951 17.19732 21.85223 19.19227 17.19197 20.32561 20.41318 22.75581 21.94750 19.76105 22.03779 21.63940 21.62700 19.50366 23.83346 25.40964 24.71970 24.58146 26.41610 23.00421 20.38291 24.80897 26.87976 28.25171 29.46663 19.54818 19.46859 21.11557 26.43215 24.80352 22.71164 27.96509 
41.12986 45.31280 44.77786 51.75957 34.44912 33.94351 36.80498 38.76933 34.44008 40.36153 42.22682 40.86097 40.18385 43.40054 35.35194 35.95068 35.66294 37.30549 42.18082 41.35836 42.68109 39.36923 35.81810 32.86935 28.96111 26.63103 22.50947 21.85191 21.70377 22.74342 22.47205 22.87105 20.44650 19.39774 19.19311 24.54431 22.57872 18.66377 19.85802 22.63337 22.66819 22.46070 21.48742 23.70373 24.62159 23.09489 19.88923 22.47820 24.83945 25.79324 26.21068 27.20172 23.60401 21.65382 25.38418 28.71437 30.01471 29.08749 22.07863 20.47570 20.83029 26.78473 24.60999 23.12234 27.13486 
42.60565 45.67606 43.74763 51.05760 33.05675 31.18269 33.32223 35.93636 31.28297 38.00425 39.38757 38.97379 37.59134 42.13620 33.22257 35.78671 35.79228 40.30794 46.30017 46.14464 48.83162 45.75986 43.06067 40.49504 36.61010 34.72921 29.93769 28.95185 28.77262 29.33971 28.24664 27.45983 25.88498 23.20262 23.51643 29.00005 25.48959 22.93559 23.32620 25.65956 25.58623 25.07228 21.82010 25.02935 26.58222 23.58171 21.10992 21.82908 24.37443 26.62319 26.19940 28.84477 26.10020 23.44313 26.65945 29.42552 33.00447 31.47136 24.45893 22.99712 23.06598 28.89084 25.02725 23.11398 28.87920 
41.92081 45.22698 43.33488 49.16183 31.59680 29.30664 30.94000 33.59139 28.53483 34.30278 35.52102 35.12366 33.84343 37.66364 30.25053 31.67816 31.74519 36.85569 43.18686 44.39396 47.57337 45.58286 44.07322 41.83286 38.28481 36.55413 31.43872 31.95217 31.50400 30.35198 28.87518 27.31626 28.09015 25.43184 23.90876 29.11032 25.09565 24.37975 24.87033 26.81082 25.32343 25.40084 23.12058 25.14754 25.95040 23.06592 20.57504 21.03148 22.02746 25.83926 24.61345 27.98465 26.58008 23.45290 23.91940 27.29816 31.62095 30.81123 25.68330 23.55675 23.82896 30.18017 25.42903 22.13787 29.91071 
41.57367 45.64342 43.72505 49.88122 31.39623 27.69859 28.94062 32.27904 28.10906 33.12116 35.11857 34.32143 33.64489 36.47961 30.58759 31.84838 31.64379 36.35698 41.59105 43.61913 47.55901 46.60591 45.72233 44.05270 40.81273 38.82961 34.28638 35.35181 33.89638 32.43697 30.69360 28.20280 29.86505 28.01091 26.55526 30.68403 26.62417 26.35500 26.85699 28.40565 27.56987 27.55370 24.76917 26.56596 25.86596 23.61524 21.61477 22.18954 22.17307 25.84883 24.04478 27.41143 27.12663 23.16553 23.47495 26.11797 30.98262 28.97135 26.27876 23.97870 24.36301 28.55388 23.34242 19.63924 27.48721 
40.98230 45.66881 43.66077 49.98619 30.10484 24.81182 25.18176 29.74832 26.63692 30.94694 34.40714 33.98051 32.60814 35.33630 30.61142 31.95920 32.01202 36.16820 40.43848 42.58466 47.55454 47.38877 47.35741 46.52650 44.05825 42.39103 38.42733 39.64145 38.35330 36.87509 34.33973 31.16972 32.80005 31.09127 29.81706 32.09119 27.58867 29.30724 29.37921 29.32841 28.86926 29.75809 26.99031 27.82090 25.85542 24.34994 22.83093 23.79724 22.30006 25.49788 23.16494 26.91113 27.47788 23.27172 22.36273 24.90234 30.18974 28.05128 27.51970 26.15439 26.93690 29.38783 24.74444 20.34600 27.34264 
41.13679 45.64586 43.15612 48.55957 29.50603 24.93759 23.47302 28.51060 24.96536 29.62157 33.49070 33.84694 31.72855 34.74427 30.65944 32.36638 32.74911 37.46223 41.56256 43.57926 48.86168 49.26540 49.91599 49.38981 47.43983 46.05595 42.22727 43.54979 42.86156 41.26977 38.45402 35.39778 36.74786 34.12192 32.98860 35.12288 29.88508 32.35864 32.06260 31.59004 30.40005 31.52694 29.50135 29.84210 27.66930 26.28972 24.75331 25.47417 23.79995 27.02730 25.33674 28.42187 29.15309 26.07316 23.98561 25.35254 30.51073 30.22586 30.17940 28.43320 28.95028 31.82049 27.23365 22.53854 29.20041 
44.99325 47.47060 41.84026 47.71848 30.10041 25.38368 21.79506 23.98103 19.69622 24.66579 28.34063 29.92966 26.66275 30.13188 25.81502 28.96621 30.03418 37.96954 44.20155 45.78320 50.65783 51.57587 53.09576 52.46732 51.08551 50.50981 46.60842 47.74149 48.13642 46.50983 44.16742 42.19649 43.05740 38.50626 38.28613 41.53519 34.91520 36.41918 34.96623 34.32622 32.62872 33.69807 32.20189 32.35470 32.45948 29.36062 28.21540 27.12519 25.87737 29.68407 30.10915 30.33991 31.94323 30.72291 27.93760 27.26848 32.79470 32.68744 32.67613 30.58502 31.11427 34.63774 29.83810 25.75747 31.61382 
44.23062 47.16486 42.93967 48.25797 29.72396 25.01963 22.20910 23.00423 19.18191 21.29195 26.94445 26.95962 24.51733 26.39046 24.14515 25.22308 27.02111 33.43737 40.97065 42.63887 46.89609 49.05369 50.89070 49.93406 48.71767 48.08293 44.92661 46.70888 46.72973 44.54842 43.20921 41.50101 42.34927 37.49446 36.89561 40.87676 33.40623 33.96806 33.35381 31.22600 30.36482 30.38387 29.97086 28.36621 29.18971 26.12173 25.46423 24.83286 22.24475 25.36595 26.21534 25.31391 28.70284 27.88968 24.44516 22.79843 27.57151 28.03290 30.07451 27.71129 27.79519 30.50383 26.44412 22.72425 29.21205 
44.08812 47.70539 43.07683 46.69325 31.38728 28.29442 24.25347 23.74809 21.74845 21.23425 25.49714 25.29325 24.40396 23.91201 24.69336 24.62776 26.77055 30.66416 38.48304 40.25487 44.15727 47.08851 49.28345 48.92341 47.95910 47.78569 45.47155 48.23018 47.69381 45.53919 45.26772 43.96160 44.74178 39.98474 38.70387 43.72897 36.31694 36.39709 36.71568 33.80041 32.26434 32.57112 33.14041 30.87975 30.80298 29.29893 28.01837 29.10385 25.60949 28.12997 30.09658 27.88439 30.07728 30.59442 27.12366 23.87447 26.94457 31.21211 32.51331 28.84054 27.34061 31.53478 28.86038 24.94208 30.79897 
43.75118 47.37001 45.34614 49.31322 33.81587 28.64660 25.29555 27.27713 25.42423 24.15479 30.52873 28.73812 28.18542 28.78214 28.83947 28.83196 30.63896 33.64427 41.03312 42.52080 46.96871 50.41214 52.86106 52.51104 50.98271 49.82250 47.68936 50.45354 49.18878 46.86038 46.52761 44.12086 45.07840 40.21202 39.66184 44.67961 36.75279 36.40638 37.49435 33.85414 35.25412 33.46889 32.66418 30.12965 30.42110 27.84230 28.03192 29.26051 26.09151 27.77345 27.37308 26.44423 30.99997 30.10081 27.96795 23.72856 27.74524 29.38631 31.10337 28.71827 28.36817 29.72495 25.77914 22.11150 30.10430 
39.99097 44.38626 40.18491 45.52147 30.63485 26.13733 23.83820 23.08634 23.73465 21.76088 27.12935 25.43841 25.20304 24.10295 23.26097 21.71154 23.17730 23.49004 31.58265 32.26338 36.16202 38.86916 41.07819 41.38399 40.53124 40.84013 39.53531 42.55403 41.49709 40.03173 40.49073 39.41188 39.58822 35.71034 34.92270 39.59517 33.01961 32.52766 33.52649 29.14300 29.88956 30.74834 30.65635 28.38769 28.36973 27.40169 25.95120 28.92431 24.90735 26.05501 28.44650 25.10090 26.95830 26.86193 24.68458 21.68248 24.59806 27.55152 26.85678 24.36102 23.79432 27.50682 26.30037 22.51671 27.18539 
38.09520 41.36837 36.69103 42.57737 26.01279 23.06895 20.81649 20.74901 19.96976 20.19983 28.08094 26.91942 23.94910 26.46781 21.10576 20.72556 21.25678 23.78681 32.49801 31.24361 35.28518 37.13081 39.44324 39.59443 39.50718 40.09967 38.90977 40.75427 42.13644 41.39793 41.27014 41.36444 39.83913 34.80620 35.68922 39.31070 33.71796 33.15528 32.33948 27.61925 29.47704 30.57012 30.40866 28.20553 30.14241 28.65736 26.91668 29.04093 26.47398 26.43841 30.35704 25.11722 26.43254 27.58113 26.35698 23.43357 25.38565 28.00979 25.88089 23.56049 23.66278 27.08744 26.00595 23.42792 24.41771 
42.75023 45.66461 40.50626 48.30042 33.62884 28.24106 25.51341 23.86265 26.17047 22.51783 28.84069 26.47829 26.37063 26.40606 25.05985 25.44468 27.65148 28.46157 38.39372 37.56196 40.83610 43.54606 45.57291 45.36440 44.18869 44.60715 44.00241 46.57202 45.46866 44.56249 46.10115 45.39710 44.48336 39.54700 39.85677 45.86531 38.16137 35.98520 37.41240 31.23345 34.51583 33.64580 32.41865 29.81861 32.11881 30.01228 29.91914 32.24179 28.19150 28.25151 31.42042 27.46244 30.21282 30.46841 30.17208 24.71559 28.03895 29.70951 29.55674 27.49096 25.40115 26.05912 26.11100 24.81701 28.45151 
43.67386 47.35948 42.69942 50.87376 36.20567 32.30915 29.94169 28.63919 30.31629 27.45682 33.87086 31.00318 30.59781 30.16754 27.81896 26.44921 27.12181 25.37882 34.72371 33.27420 36.45539 39.61560 41.74374 41.59089 40.83596 41.13283 41.28276 43.78124 42.48944 41.74309 43.49514 43.38693 41.97618 37.10744 37.61451 43.36630 35.92234 33.84894 35.03926 28.04586 31.98043 31.25150 30.47504 27.46562 29.47441 28.64459 28.88266 31.61282 27.26478 25.90384 30.50095 24.90447 27.22718 28.17175 28.47047 22.42166 24.15928 26.51257 27.35421 25.79500 24.19737 22.65348 24.31313 23.85804 25.76708 
40.86940 44.55035 39.23400 46.28928 31.27534 27.66621 24.44075 23.37328 23.87282 22.60878 28.93724 26.57050 25.93291 25.35927 23.05918 22.62058 23.43653 24.79457 33.21710 32.85495 36.72984 39.72938 42.05243 42.03766 41.12078 41.04785 40.23631 42.96809 42.01181 40.77002 41.46809 41.10031 40.73012 35.68547 36.03067 41.48806 34.35187 32.97615 33.15886 28.47918 30.61988 30.27922 29.78472 27.58865 28.42259 26.76801 26.17533 28.67078 25.26763 25.58555 29.27606 23.81775 26.17197 26.94121 26.39531 20.84038 23.47280 25.37754 25.92970 23.47647 22.32583 23.16039 21.74625 19.37828 22.93340 
39.36314 43.97493 40.52003 46.83364 31.59260 29.23374 26.22264 26.75583 27.22714 26.69909 33.85695 31.43955 30.64207 30.78477 27.96962 27.15927 27.17901 25.76779 32.39252 31.09124 35.35365 38.41372 40.45863 40.74426 40.01839 39.68708 39.73936 42.22114 41.17762 40.28822 40.94651 40.68146 39.32349 34.48598 35.18055 40.04599 33.53313 32.38151 32.75324 27.05693 30.31430 29.84646 29.51744 26.81647 26.71151 26.52440 25.83328 29.53268 26.35328 24.88683 28.85490 23.03099 24.57210 25.67645 26.12111 20.55080 21.58945 25.02268 24.90944 22.86644 21.81098 21.60266 21.56592 19.38041 21.32688 
39.70174 42.56943 39.68377 46.40648 29.31818 27.68661 28.14624 26.36094 24.48618 24.10052 32.08880 28.89711 27.39216 27.82105 23.24050 19.58555 19.97601 21.41369 30.21738 28.71320 30.21414 32.63831 34.99498 34.29958 34.56808 34.81372 34.52512 36.82387 39.04542 37.70115 38.18317 39.61560 38.64578 34.56084 35.36929 38.29065 34.68437 32.75937 31.17091 27.75113 30.45093 30.90751 32.34352 29.43254 32.11325 30.18263 28.44628 30.45135 28.66064 28.29729 32.01044 25.08749 27.54978 28.59999 27.83221 26.75140 26.50231 24.87009 25.65109 24.12612 25.48086 26.57719 25.59970 24.36806 23.34696 
36.54757 39.88938 37.40766 41.47712 25.72393 26.03085 25.43034 24.78138 22.36946 22.75639 30.83171 28.56053 26.68666 27.65617 23.41065 19.93672 19.67927 20.64527 28.42738 27.22641 29.66712 31.99961 34.51957 34.42471 34.96817 35.48944 35.05062 37.58216 40.20400 38.77955 38.84274 40.14320 39.11585 35.11471 35.49882 37.95236 34.97154 34.07414 32.52288 29.36931 30.51476 31.84957 33.73645 30.99416 32.53601 31.52149 28.96721 31.64210 30.00707 29.88113 33.52761 26.97637 28.22620 29.62287 28.01529 27.25615 26.71702 28.51496 27.03346 24.20626 25.27079 29.13180 27.94964 25.46168 24.76196 
38.52121 41.52235 37.50300 44.94829 28.77181 27.52806 27.47742 25.41878 24.73429 23.62832 29.73227 26.87325 25.66463 26.37926 21.15436 17.60775 18.46788 18.20031 29.10407 27.34725 28.67360 29.85299 31.37012 30.71600 30.58011 31.66572 31.47628 34.15472 36.16254 35.43125 36.74079 38.31031 36.93619 33.26982 33.47580 37.50328 33.76223 31.57243 31.10225 26.81318 28.73977 30.01941 31.06126 28.55045 31.32962 30.16943 27.99494 30.71397 28.02293 27.84065 32.10477 26.23640 26.74370 27.92316 27.38568 26.32453 26.12415 26.94387 25.53198 22.96855 22.74043 25.80816 26.17804 24.99617 24.15047 
36.02737 40.41866 38.18243 42.79762 30.35119 31.14464 30.15319 30.55503 30.31760 29.81723 36.73735 34.09201 32.96014 34.13150 29.37074 26.37631 25.23197 20.75842 27.12547 23.48783 25.88799 27.68871 29.76358 30.51780 31.07928 32.08484 33.49791 36.26492 38.26761 38.06916 39.36431 40.91344 38.47850 35.22580 35.98498 38.95201 36.33761 34.79543 34.79043 29.93155 32.50790 33.71248 34.87973 32.55127 33.72099 34.30540 31.83562 36.13429 33.87136 32.26040 36.91608 30.26083 29.66138 31.31193 31.52199 29.08814 27.36643 31.58939 27.87557 25.05654 24.76966 27.72949 29.16983 28.05054 25.34640 
35.90619 39.87592 37.69487 43.29546 27.66980 27.31768 26.54766 27.83322 25.49106 26.55537 34.21149 31.26653 29.49319 31.34253 25.31138 22.56347 20.98017 20.81566 27.50585 25.62493 28.85403 30.70063 32.84137 32.60601 32.41719 32.10471 31.80452 34.28749 36.38624 35.38036 35.60074 36.59876 35.24961 31.46340 32.39397 35.15608 31.89473 30.66541 29.71513 26.28359 28.79862 29.27628 30.06107 28.11623 29.63996 28.79800 26.73924 29.96144 28.27527 27.57010 31.42317 24.86775 25.91742 26.62123 26.60229 24.53283 24.03559 25.19921 23.15099 20.66517 21.95410 23.52936 22.45286 21.17198 19.90563 
38.17256 40.56058 35.12025 42.67664 28.71774 28.06357 27.13790 26.27503 25.40681 26.66023 32.97457 31.07715 29.09018 31.79858 23.93560 23.77596 22.94517 24.45482 32.92569 29.55784 31.82692 31.89179 33.17818 32.91998 32.66829 33.77156 33.63225 35.10146 37.53151 37.81976 38.95806 40.78531 38.10277 33.43635 35.31135 39.40054 35.54792 33.13128 32.09623 28.06302 30.84743 31.64384 31.46006 30.37063 33.41808 31.81798 29.77783 32.54309 31.25771 30.61108 35.72184 28.92034 28.49935 30.04750 31.25616 28.46223 28.91551 30.23772 25.23408 23.15334 23.18687 26.25436 26.36644 25.81810 23.84609 
36.72475 40.39249 37.17568 42.46124 28.49571 28.74527 28.77318 28.57909 26.50656 28.55161 35.57261 33.32925 31.85091 32.57379 26.45851 23.66502 20.92619 21.22757 27.52772 25.73725 28.46330 30.23776 31.87482 31.43822 31.59359 31.76634 31.43172 33.29073 35.00484 34.07462 34.50637 36.26602 34.75687 30.71834 32.14921 35.01181 32.01595 30.26187 28.56242 25.91887 27.68753 28.72849 29.79334 28.49752 30.11699 29.15907 27.07916 29.68713 28.90770 28.30641 33.14870 25.07572 25.81930 26.77665 27.13083 25.57577 25.43954 26.31528 22.26482 19.89085 22.34408 25.37447 24.49313 22.74170 21.78629 
35.98586 39.85788 36.78660 43.26748 29.29302 28.35642 28.40327 28.45334 26.91372 27.63692 32.64993 29.64657 29.76542 30.93772 24.79034 22.61306 21.59014 20.76784 28.70496 27.06492 28.94074 29.18278 29.88064 29.31881 27.80428 27.92348 27.61524 30.60684 31.48735 31.04960 32.85073 34.09387 32.68709 29.65169 30.04211 34.84122 31.82497 28.76526 29.25839 26.36797 28.60856 28.92077 28.92330 28.01011 29.76137 28.87872 26.29386 30.05667 28.37400 28.48537 32.15569 26.92128 26.39630 26.49561 27.69835 25.99357 26.41290 27.56056 22.60355 19.00042 18.77557 23.01930 22.48299 21.23656 21.53888 
32.16346 36.96084 34.83439 40.45705 26.62687 25.11271 24.23652 28.08496 26.08691 27.93650 34.95768 33.14545 31.39141 34.54905 27.12815 25.95527 23.51845 23.20801 28.14626 26.15337 31.10007 31.28842 33.09251 33.81360 32.88134 32.64009 31.67862 33.82211 34.88765 34.56247 34.22118 34.14192 32.51017 29.12492 30.23457 32.70136 29.79356 29.84737 29.70759 25.96989 28.79857 29.74894 28.34894 27.91171 28.19148 27.86358 25.79678 29.82430 27.96037 27.72204 30.45095 26.46127 26.23060 25.28899 26.22405 24.36288 26.12735 27.74307 21.39623 19.75751 21.64165 24.80214 23.17290 20.41921 21.61231 
35.28532 39.49186 34.57367 43.12550 28.35905 27.51316 27.11600 27.21051 26.34800 28.37361 32.72117 30.71727 29.67303 31.41584 23.88151 23.08819 22.08259 21.75162 28.49608 25.95869 28.40356 27.43052 27.81923 28.06935 27.27164 27.97415 27.51208 29.69857 31.08436 31.89469 32.69342 34.12934 32.00650 29.08087 30.06160 33.93082 31.15350 29.04111 28.61997 25.99987 27.74691 29.55294 29.04305 28.81480 29.76212 29.43801 26.50767 30.16285 28.53447 28.36559 32.60829 27.60789 25.47573 26.25836 27.85038 26.23100 26.50190 27.65228 23.03619 20.25456 19.86885 23.70501 23.66073 22.14209 20.01634 
36.30635 40.10236 35.84217 44.92228 30.45132 29.15977 30.11379 30.10936 28.65156 31.41565 34.59304 32.48345 31.99031 33.72967 25.42808 24.52318 23.24835 24.16865 30.27390 28.66582 30.38279 28.03192 27.22414 26.57517 24.80433 25.30851 23.93529 25.82610 27.09937 28.19725 29.14147 30.66413 28.96769 27.38954 28.19812 31.83515 30.35238 27.54152 27.38781 26.65289 28.13794 29.88706 28.91010 29.84947 30.96827 30.12639 27.02032 30.20901 29.35655 29.88800 33.09722 29.46793 27.28643 26.76767 28.62842 28.75797 29.81441 28.70878 23.08074 20.75848 21.40485 25.72787 24.85019 23.50178 22.55328 
38.48527 41.76727 38.09386 46.00343 33.08899 34.79007 36.12368 35.20704 33.29735 35.92955 39.49577 37.34124 35.94246 37.67767 29.18974 26.36754 24.48080 23.29007 29.07477 25.51971 25.00910 21.27678 20.06275 19.14679 19.36963 21.30141 21.65366 23.18149 27.79915 29.17445 30.30611 34.04839 31.25994 29.67906 30.67336 32.95678 33.59007 31.14228 29.63832 28.69227 29.77568 32.56553 33.63897 33.49277 35.37192 35.33442 31.88426 35.04890 34.52976 34.08174 38.64657 33.24264 30.18220 31.44899 32.72228 33.70549 32.31836 32.68475 27.43084 25.51394 26.45580 30.72332 31.29202 30.67698 26.87062 
34.29233 37.82187 35.53794 42.66277 30.64308 30.79316 31.11146 32.16980 29.82462 31.60473 37.74353 35.10665 33.46943 35.68059 27.43195 24.12760 21.02989 19.93081 26.58383 23.47412 25.82269 25.53413 27.16849 26.77682 26.22852 26.40453 26.05396 28.25991 30.56753 30.36737 31.03605 32.80553 30.85607 27.43199 28.81102 31.81362 29.79443 28.21170 27.56937 24.51360 27.71300 28.75963 28.87399 28.21564 30.21850 29.43684 27.29467 30.68271 29.51288 28.93975 32.89498 27.21273 26.78345 26.92068 27.85152 26.77236 27.01908 27.49983 21.40978 20.05360 22.66436 25.56898 24.76740 23.55459 23.12654 
41.74594 44.48405 39.01200 47.26714 33.49562 34.91265 36.52672 34.86487 32.32864 35.68525 37.83958 36.67406 34.59539 36.59460 27.15518 24.59481 22.57435 23.96510 30.78250 28.28729 27.95464 23.20711 21.41089 19.75349 19.91086 22.51476 20.69000 21.31253 26.70308 27.95670 28.39521 32.51252 30.23376 28.51663 28.94923 31.10890 31.58439 30.06452 27.72846 27.72052 26.55314 30.76883 31.88722 32.36831 34.67298 34.20475 30.76217 32.82930 32.34843 33.00247 37.77161 33.02839 29.46349 30.60295 31.08547 33.45134 32.89909 32.95956 27.49311 26.00033 27.38889 32.86985 33.01548 31.91728 29.48803 
37.23739 41.01643 37.52053 45.38427 32.86913 33.51771 34.73070 34.93612 32.12512 35.63517 38.24300 36.24699 35.47374 37.28775 28.52316 26.34030 23.87512 23.89755 29.72064 27.86334 28.65811 25.48320 23.84784 22.22532 20.03962 20.21156 18.14285 20.09929 22.08379 23.08862 24.26636 26.89847 25.02534 23.33116 23.86361 28.14806 27.33237 24.40101 24.23127 24.42855 24.79284 26.75629 26.69543 28.03229 29.50262 29.00827 25.82727 28.93671 28.68573 29.30593 33.15255 29.17587 26.13478 25.93790 27.87230 28.69501 28.93384 29.19678 21.70782 19.20686 20.82937 26.46876 25.67564 24.41627 24.49860 
36.44474 41.05290 37.86787 45.40219 32.09427 32.76653 34.15863 34.57199 32.80107 35.48204 39.09552 37.29783 35.80697 37.60022 29.32617 26.30528 23.70726 20.96079 26.31176 23.56377 25.05207 21.62248 20.19797 19.27859 18.37062 19.81402 18.94680 20.69876 22.90217 24.03802 24.80047 27.42479 24.82225 23.47631 23.61323 26.21498 25.62897 24.57976 24.54560 22.38853 23.12308 26.54438 26.89011 27.15069 28.03572 28.82404 25.70187 29.64959 28.15025 27.75494 32.17144 28.19930 24.79312 24.79243 25.78970 27.23258 26.99667 28.67809 21.77083 20.58128 22.10119 27.12488 27.88748 26.31980 25.58951 
33.45266 37.13740 35.44445 42.69433 30.15699 30.56602 32.36576 33.50354 30.70543 33.89844 38.14853 36.26091 34.53282 37.16531 28.65559 26.01116 23.99123 23.17341 29.97178 27.69117 29.33439 27.06035 26.39326 24.64475 22.82816 23.02625 20.93918 22.64488 24.45670 24.59638 25.06716 26.64925 24.63263 21.69557 22.07701 25.99275 23.67073 22.19199 22.90163 20.68464 22.62195 24.37996 24.52496 24.52372 26.52358 25.64810 23.07524 26.65659 25.89902 25.97133 29.04396 26.15767 24.38307 23.70700 24.36704 25.66244 26.80864 28.00026 19.73645 18.73483 20.96219 26.91511 25.97943 23.84460 26.45084 
43.48256 45.49976 39.79862 49.85204 33.26978 31.70518 34.37574 32.07470 29.91994 33.77734 36.55800 35.19067 33.41947 35.63487 26.49316 26.40864 26.14333 29.64608 37.87137 35.84273 36.25785 33.81541 32.07645 29.24692 27.67936 28.50845 26.15644 25.73021 27.89899 28.81726 29.57932 32.11636 29.76271 26.27555 28.04296 32.50884 28.92861 24.96708 23.48708 23.01237 24.31776 25.84561 25.50166 26.41815 30.63458 27.67995 25.60503 26.19718 26.66550 27.30887 31.75889 27.31520 25.99431 26.20660 27.90181 28.98008 30.70225 27.91740 22.73638 22.15789 23.41069 27.54545 27.03508 26.75816 27.00351 
39.66001 42.27799 37.90141 44.59601 29.87453 30.03926 31.00471 30.58273 26.84068 30.95708 35.15140 33.43487 31.49485 34.49039 25.69622 25.12053 23.94202 26.92185 35.43339 33.40316 35.06998 34.46561 34.21934 31.83307 30.00249 29.62055 27.58320 28.47939 29.99727 29.64377 30.43295 32.22487 29.86913 23.82083 25.63087 32.05464 26.56833 22.66160 22.02136 20.16203 22.05972 21.37449 21.57912 21.66272 26.04488 23.21681 21.08847 22.56334 23.12349 23.45926 28.63127 23.01015 22.26276 23.49837 24.86241 22.79118 24.48055 26.34456 19.41027 16.02794 16.28168 22.50155 20.65746 20.03860 22.70952 
44.90919 47.22014 43.36471 52.93998 32.16677 29.80449 31.38378 30.42290 26.84925 29.30360 33.27568 30.71710 28.73300 32.39708 23.79258 23.73572 25.29795 29.47666 39.48423 38.17205 39.30726 38.43977 37.77956 35.00798 32.79477 31.88219 29.60527 30.33299 32.32726 31.99846 32.59104 33.82216 31.92666 27.32252 28.40886 34.23034 29.18791 25.03410 24.13821 21.70657 24.69507 23.43636 22.42220 21.37404 27.06851 23.69179 22.39081 22.33604 21.19327 21.80054 25.34419 22.59398 22.99569 23.13191 25.07476 24.85910 26.09855 22.65270 22.64995 20.94699 20.15564 20.60349 19.21045 20.63727 21.49412 
43.86972 47.81047 46.20707 54.76987 32.61396 30.07075 31.48631 32.48041 28.47524 30.72890 36.36824 33.47178 31.32183 34.10092 27.27466 25.35376 25.89646 27.95293 35.73336 35.17799 37.24157 37.52625 37.60634 35.51583 34.02082 32.16762 29.99108 31.08536 32.56411 31.45862 30.73042 31.04778 29.89656 26.21742 26.46478 30.00021 25.39025 23.71968 22.35545 19.42533 22.49573 21.70019 21.51338 18.91469 22.29716 20.49111 19.71620 20.25487 17.96732 17.55762 19.82101 17.69909 19.35424 18.68941 19.92138 21.06796 21.11836 16.34587 21.14671 20.58400 21.47874 18.95324 17.41082 17.78052 18.63271 
38.99489 42.70156 41.56886 48.81401 27.82518 27.64962 28.56457 30.58964 25.68045 30.26612 34.39780 32.70408 29.91506 34.67480 25.80311 25.59415 26.15223 28.42887 36.56501 35.38300 37.68168 35.83252 34.62928 32.51754 30.42587 29.07254 25.96541 26.49160 29.28648 29.25810 28.53014 29.32915 26.70361 22.45463 22.43247 27.02276 23.39907 22.04365 21.12317 18.83979 20.08251 20.62489 20.51938 18.90181 21.82512 20.63785 17.81802 19.98158 19.43770 19.34473 21.18729 20.94685 18.29467 18.79527 20.36025 22.80273 22.86341 23.78271 20.81839 18.67208 18.28710 22.59270 20.84212 19.24969 21.10398 
38.33371 42.87020 40.52020 47.81324 28.75706 29.47856 29.84641 30.71901 26.67480 31.29038 34.16740 32.95985 30.91657 33.58248 26.36691 25.50901 25.82045 26.73493 33.98739 33.20782 35.19299 33.83233 32.39034 30.47975 28.74610 27.80443 24.96865 26.11520 27.49369 27.45008 26.89538 27.98623 25.95069 22.18696 21.20856 26.46471 22.20635 20.87790 20.33823 18.98234 17.43277 19.59198 20.82931 19.59592 20.38676 20.60821 17.02268 19.78659 18.82557 19.06704 22.48505 20.91187 16.77114 18.27337 19.08997 21.08380 20.42118 23.67779 21.34588 18.02366 16.69583 22.58739 21.68760 19.20774 21.07356 
42.37510 47.03650 42.66304 51.37005 31.14141 31.01976 31.30107 31.21101 27.66026 32.01136 33.69724 32.69714 30.63367 32.47476 25.18734 24.36528 24.81613 26.82989 33.22982 33.09015 35.00368 33.30300 31.77525 30.06242 28.63248 28.00212 24.94977 26.05412 27.53249 27.72597 26.58382 27.94587 26.78375 24.49672 23.28765 27.24364 23.87697 23.07449 21.50805 21.74569 18.56997 22.13908 22.92904 22.90180 23.01914 23.47982 19.83743 21.52817 19.76591 21.00074 25.03324 23.25784 18.88125 19.91483 20.39353 22.75589 21.98746 22.87058 23.71817 20.92492 19.70538 23.23979 22.66993 21.07144 20.41776 
38.87341 44.05370 42.17215 48.34790 27.45271 28.50485 29.28605 30.26647 26.74666 29.52316 34.09372 32.36931 29.86328 32.24117 26.10546 23.50993 24.28813 23.56782 30.01541 28.95111 30.93042 30.21436 29.79113 28.65343 28.24800 27.88852 26.47190 28.39715 31.28708 30.80403 29.97054 31.36721 29.62785 27.18030 26.01573 28.20343 25.98568 26.09818 25.03830 22.48586 21.51450 24.36175 26.43412 23.96350 24.37676 25.52242 21.87962 25.18732 22.63641 22.20107 25.78104 23.13174 20.35250 21.79578 21.00735 23.34742 20.69179 23.76063 24.61340 22.12330 21.12316 24.48964 24.79250 23.05659 21.47035 
37.29671 42.12310 41.45876 47.16432 28.04652 29.32041 30.64287 32.85410 28.37068 32.66066 36.95466 35.32738 32.71797 36.54243 27.80417 25.72266 24.99624 25.06648 31.05061 29.61148 31.96183 29.44766 28.04555 26.24881 24.59504 23.66334 21.01020 22.02624 25.52830 25.52034 24.40367 25.84572 23.07434 20.51422 19.92009 22.47873 21.32945 21.29442 20.59982 18.86702 18.79931 21.18590 22.16467 21.24484 22.34536 22.96567 19.14830 22.89220 21.88176 21.53063 24.24557 22.91306 19.27933 19.36675 20.00129 23.53254 22.38792 24.74225 20.08787 18.34014 19.30595 24.60126 23.80718 21.80916 22.42065 
43.33723 47.74316 44.94005 53.57500 31.84188 30.62384 32.67952 32.95916 29.37778 33.16824 36.39215 34.66559 32.32603 35.34629 26.79600 25.36461 25.79436 27.10296 33.85538 32.71030 34.11983 31.46430 29.45420 27.06928 25.47025 24.81125 21.91659 22.08193 25.04050 25.58984 24.62763 26.26531 23.76996 22.01630 21.58467 24.22321 21.89687 20.69328 19.21985 18.07277 17.86597 20.76915 21.23485 20.64847 22.73399 22.47656 19.31841 21.27749 19.78399 19.82481 23.09487 21.86381 18.43020 18.37374 19.64946 23.70115 23.05478 21.35767 20.91948 20.18996 20.66563 23.08666 23.25436 22.60098 21.58527 
39.96484 44.92079 43.99118 49.68436 30.19322 29.78146 31.20910 33.12855 28.49621 32.45720 36.02623 34.44907 32.40178 35.58694 28.47908 26.40601 26.31730 26.88800 33.18649 33.02827 35.42550 34.01721 33.07524 31.01175 29.02595 27.66596 24.26922 25.70504 27.08179 26.09493 24.69651 24.63206 23.29515 20.45653 18.49270 22.35877 18.19603 18.59390 18.96920 17.54204 16.45317 18.27038 19.52223 18.10918 18.70993 18.89902 15.46298 18.57305 17.06303 17.84352 19.15436 20.11763 17.56567 16.99795 15.89802 19.99858 20.46802 23.05215 20.32199 18.03849 18.51465 24.26809 22.70235 19.88894 23.77614 
43.76394 48.04686 46.19084 53.96606 31.08887 31.16485 31.70772 32.21943 28.03028 31.62381 35.23190 33.15366 30.67599 34.36867 26.93463 25.93544 27.54188 28.45402 36.15420 34.84913 36.15393 34.75344 33.15726 30.70394 29.20995 27.98381 26.02426 26.77579 29.93942 30.02925 29.53694 30.87312 27.90667 24.80977 24.41200 28.54485 24.95439 22.71099 21.66967 19.37071 19.51416 20.57498 22.16572 19.72931 22.37702 22.57396 19.30076 21.38222 19.83566 18.73394 22.39265 20.84555 17.32794 19.45654 20.57551 22.85111 20.18867 21.64726 23.21411 20.37222 18.48356 20.58985 21.16647 21.22657 19.13583 
44.37288 49.43354 47.47985 54.61690 31.28173 32.02776 31.62990 32.24543 28.70974 32.40471 35.49766 33.45371 31.66638 34.75991 28.50175 28.25744 30.17371 30.02342 36.33730 34.97490 36.29494 35.02778 32.88559 30.96198 29.56275 28.31505 27.27567 28.24224 31.05549 31.68704 31.62837 32.96629 29.50327 27.27881 26.75015 30.84916 27.93616 25.19942 24.55431 22.60903 21.97056 23.20550 25.02063 22.88592 23.83137 25.40575 21.35042 24.48303 22.93855 21.34470 25.54889 23.24417 18.24413 21.18701 23.05327 24.37356 20.05930 23.58850 25.58522 21.58073 17.88844 19.69617 21.63578 22.05673 17.07457 
38.06598 43.01062 42.14703 46.99594 28.97196 31.58883 30.97201 32.99025 28.38907 33.16646 36.69411 35.62276 32.86628 36.43735 28.58966 27.20931 27.05954 27.00213 32.91777 31.52349 33.96341 32.02404 30.63162 29.09695 27.64528 26.86104 24.53411 25.64069 28.61203 28.61977 27.77371 29.21608 26.26643 22.77816 21.68059 25.56117 23.23358 23.42944 22.77047 20.88060 18.88288 21.53129 23.54243 22.09668 22.22978 23.74970 19.65125 23.65843 22.68183 22.15284 25.62603 23.93502 18.93717 20.86733 21.08534 23.57629 21.23018 27.10721 23.06231 20.20643 19.47740 25.77156 25.34601 22.97838 23.77889 
38.82631 43.09642 43.32770 46.56140 30.74517 32.29011 32.10468 33.34565 28.92927 32.21639 36.50595 34.83998 32.44759 35.69352 28.76450 26.54278 26.89691 25.99546 34.29484 32.57492 34.52021 33.85257 33.29972 31.37556 29.63327 28.93322 26.96136 28.54467 30.41714 29.51330 30.08326 31.16605 28.37679 22.91069 21.81098 27.94249 22.94513 22.00422 22.95934 18.53957 18.66345 18.90967 21.81618 18.32925 20.86896 20.84491 17.79906 22.16187 21.09482 20.17262 23.44771 21.12226 18.36949 20.63272 20.21327 21.45359 19.80080 27.25819 21.17039 18.81664 18.41432 26.08759 25.53059 22.93583 27.22930 
39.90355 44.43719 44.92488 49.13496 32.11396 33.45287 35.27367 36.73407 31.46504 35.66630 38.90730 37.16545 34.95684 38.01955 30.28618 27.01381 26.36346 26.28618 32.72068 32.11497 33.33400 31.13294 29.70270 27.15266 25.37528 24.05944 20.26401 21.57382 25.02398 24.04975 23.13465 24.65089 22.94330 20.36298 18.26151 21.47836 20.04559 19.93894 19.83013 19.77683 17.91643 20.05959 22.85233 21.30999 22.84674 22.96247 19.23901 22.29062 22.16838 22.51819 24.18177 23.59348 20.55704 21.03916 20.15704 25.00809 23.56564 26.75222 21.87117 20.14722 21.83090 28.72894 27.24298 24.65401 27.67137 
39.20942 44.15634 42.28482 49.27185 31.66887 31.30226 32.16925 33.99015 30.99818 35.53921 37.77274 36.89183 34.81515 38.26310 29.72764 29.44820 28.97974 28.71989 35.23926 34.09636 36.83241 33.92463 31.47370 29.88773 27.35347 26.58035 23.30364 23.39652 23.61304 25.05214 24.62093 24.94642 21.39192 18.32393 17.70315 23.27969 19.06449 18.14721 19.39210 17.19390 16.82088 19.38743 18.21939 18.74035 19.18780 20.23300 16.79871 20.63458 19.77864 19.24750 21.84636 22.61278 16.93499 17.12738 19.51901 22.23159 22.74345 26.39243 19.38845 17.84459 17.55702 24.50933 24.13909 21.45722 24.47112 
38.05755 42.94191 41.20608 46.11293 31.62248 32.47587 32.94175 33.39329 32.05559 35.31751 38.88472 37.69103 36.05101 38.24517 31.07357 29.57494 28.33537 25.17675 31.69500 29.43826 31.94832 30.02731 28.11618 27.13718 25.90022 26.61936 25.78019 26.35127 26.71420 27.90814 28.99127 30.48104 26.19107 22.60882 22.91695 27.82220 24.34156 22.66562 23.66138 19.13635 20.27560 22.95864 23.68533 22.50812 23.14368 24.90493 21.69697 26.33345 25.43317 23.32863 27.82319 24.41923 19.61400 21.58966 22.90074 24.02920 23.49900 29.69439 20.86760 18.74091 18.76996 26.81790 28.05846 25.35681 26.71740 
F:\dtw\test\9_test4.mfc	8
